0.000000	0.243900	0.357284	0.254583	0.245814	0.272210	0.244840	0.249723	0.353161	0.245526	0.256501	0.363642	0.275373	0.305162	0.245783	0.249333	0.261189	0.279625	0.243644	0.243509	0.251139	0.333208	0.253497	0.246611	0.245597	0.340805	
0.243900	0.000000	0.358987	0.244124	0.246907	0.271275	0.242062	0.244956	0.355093	0.248256	0.252047	0.365701	0.281421	0.312722	0.240557	0.251506	0.260588	0.266966	0.248149	0.241763	0.243706	0.328099	0.246327	0.248016	0.253142	0.333443	
0.357284	0.358987	0.000000	0.313614	0.358187	0.360160	0.359830	0.356281	0.277914	0.365346	0.360250	0.235405	0.319980	0.331967	0.360023	0.360857	0.357470	0.361684	0.355856	0.364891	0.358874	0.301231	0.362304	0.357502	0.361158	0.300192	
0.254583	0.244124	0.313614	0.000000	0.259444	0.248615	0.263533	0.256809	0.346836	0.271167	0.260561	0.336050	0.262797	0.350794	0.257088	0.276291	0.261086	0.282019	0.261610	0.268867	0.265721	0.317480	0.260407	0.261811	0.271096	0.336794	
0.245814	0.246907	0.358187	0.259444	0.000000	0.248051	0.244201	0.245033	0.349979	0.248150	0.245855	0.363052	0.277597	0.317951	0.245331	0.246050	0.262747	0.270197	0.250100	0.248646	0.243045	0.334033	0.253819	0.248640	0.249449	0.341748	
0.272210	0.271275	0.360160	0.248615	0.248051	0.000000	0.256284	0.255659	0.337045	0.237472	0.254948	0.366955	0.265421	0.337025	0.263653	0.258770	0.259353	0.283363	0.261294	0.252936	0.256179	0.336808	0.266561	0.264666	0.274252	0.347801	
0.244840	0.242062	0.359830	0.263533	0.244201	0.256284	0.000000	0.246044	0.356049	0.241801	0.245906	0.364503	0.271376	0.306695	0.247206	0.247754	0.262473	0.258867	0.244814	0.246900	0.247045	0.335543	0.248395	0.243480	0.254691	0.339117	
0.249723	0.244956	0.356281	0.256809	0.245033	0.255659	0.246044	0.000000	0.343550	0.251605	0.242400	0.353797	0.273050	0.318675	0.248114	0.253006	0.260219	0.273632	0.239180	0.246950	0.245464	0.326584	0.251258	0.254106	0.254415	0.328729	
0.353161	0.355093	0.277914	0.346836	0.349979	0.337045	0.356049	0.343550	0.000000	0.355823	0.354030	0.278770	0.335798	0.323227	0.355783	0.355577	0.354986	0.354716	0.356949	0.355957	0.349292	0.270451	0.357498	0.352695	0.357482	0.265434	
0.245526	0.248256	0.365346	0.271167	0.248150	0.237472	0.241801	0.251605	0.355823	0.000000	0.254013	0.365344	0.279528	0.317564	0.248842	0.255490	0.265159	0.273780	0.246619	0.244349	0.247990	0.336198	0.253418	0.253359	0.253812	0.338848	
0.256501	0.252047	0.360250	0.260561	0.245855	0.254948	0.245906	0.242400	0.354030	0.254013	0.000000	0.355667	0.267217	0.303647	0.248822	0.248342	0.247118	0.282923	0.244104	0.248337	0.249029	0.335349	0.257484	0.257733	0.257027	0.347878	
0.363642	0.365701	0.235405	0.336050	0.363052	0.366955	0.364503	0.353797	0.278770	0.365344	0.355667	0.000000	0.314012	0.283838	0.365731	0.364666	0.348804	0.365587	0.366632	0.368676	0.364026	0.305261	0.363182	0.364633	0.366528	0.309629	
0.275373	0.281421	0.319980	0.262797	0.277597	0.265421	0.271376	0.273050	0.335798	0.279528	0.267217	0.314012	0.000000	0.313972	0.262066	0.271090	0.256031	0.275530	0.273692	0.274606	0.280423	0.335414	0.265748	0.286137	0.272414	0.323971	
0.305162	0.312722	0.331967	0.350794	0.317951	0.337025	0.306695	0.318675	0.323227	0.317564	0.303647	0.283838	0.313972	0.000000	0.267267	0.278423	0.288726	0.339791	0.311368	0.302559	0.316384	0.332613	0.310050	0.302817	0.325640	0.344987	
0.245783	0.240557	0.360023	0.257088	0.245331	0.263653	0.247206	0.248114	0.355783	0.248842	0.248822	0.365731	0.262066	0.267267	0.000000	0.248060	0.250704	0.271092	0.246622	0.245783	0.244338	0.336319	0.248999	0.248059	0.248673	0.336673	
0.249333	0.251506	0.360857	0.276291	0.246050	0.258770	0.247754	0.253006	0.355577	0.255490	0.248342	0.364666	0.271090	0.278423	0.248060	0.000000	0.257864	0.259062	0.247360	0.251670	0.256476	0.342774	0.251366	0.254862	0.248937	0.345673	
0.261189	0.260588	0.357470	0.261086	0.262747	0.259353	0.262473	0.260219	0.354986	0.265159	0.247118	0.348804	0.256031	0.288726	0.250704	0.257864	0.000000	0.269066	0.263941	0.263889	0.255630	0.331858	0.261971	0.253914	0.159274	0.338439	
0.279625	0.266966	0.361684	0.282019	0.270197	0.283363	0.258867	0.273632	0.354716	0.273780	0.282923	0.365587	0.275530	0.339791	0.271092	0.259062	0.269066	0.000000	0.245600	0.255084	0.260617	0.336283	0.240282	0.260514	0.249747	0.335831	
0.243644	0.248149	0.355856	0.261610	0.250100	0.261294	0.244814	0.239180	0.356949	0.246619	0.244104	0.366632	0.273692	0.311368	0.246622	0.247360	0.263941	0.245600	0.000000	0.245422	0.243112	0.322954	0.251651	0.249558	0.252217	0.341930	
0.243509	0.241763	0.364891	0.268867	0.248646	0.252936	0.246900	0.246950	0.355957	0.244349	0.248337	0.368676	0.274606	0.302559	0.245783	0.251670	0.263889	0.255084	0.245422	0.000000	0.243209	0.323382	0.252181	0.246622	0.254154	0.332436	
0.251139	0.243706	0.358874	0.265721	0.243045	0.256179	0.247045	0.245464	0.349292	0.247990	0.249029	0.364026	0.280423	0.316384	0.244338	0.256476	0.255630	0.260617	0.243112	0.243209	0.000000	0.330073	0.245356	0.246873	0.246495	0.338467	
0.333208	0.328099	0.301231	0.317480	0.334033	0.336808	0.335543	0.326584	0.270451	0.336198	0.335349	0.305261	0.335414	0.332613	0.336319	0.342774	0.331858	0.336283	0.322954	0.323382	0.330073	0.000000	0.322326	0.334082	0.333520	0.181776	
0.253497	0.246327	0.362304	0.260407	0.253819	0.266561	0.248395	0.251258	0.357498	0.253418	0.257484	0.363182	0.265748	0.310050	0.248999	0.251366	0.261971	0.240282	0.251651	0.252181	0.245356	0.322326	0.000000	0.252724	0.252240	0.338986	
0.246611	0.248016	0.357502	0.261811	0.248640	0.264666	0.243480	0.254106	0.352695	0.253359	0.257733	0.364633	0.286137	0.302817	0.248059	0.254862	0.253914	0.260514	0.249558	0.246622	0.246873	0.334082	0.252724	0.000000	0.247872	0.327434	
0.245597	0.253142	0.361158	0.271096	0.249449	0.274252	0.254691	0.254415	0.357482	0.253812	0.257027	0.366528	0.272414	0.325640	0.248673	0.248937	0.159274	0.249747	0.252217	0.254154	0.246495	0.333520	0.252240	0.247872	0.000000	0.322741	
0.340805	0.333443	0.300192	0.336794	0.341748	0.347801	0.339117	0.328729	0.265434	0.338848	0.347878	0.309629	0.323971	0.344987	0.336673	0.345673	0.338439	0.335831	0.341930	0.332436	0.338467	0.181776	0.338986	0.327434	0.322741	0.000000	
