0.000000	0.253743	0.364102	0.248466	0.261957	0.269582	0.251903	0.257618	0.358578	0.262355	0.253727	0.259317	0.365694	0.275152	0.303212	0.254875	0.260191	0.267066	0.281017	0.264754	0.256045	0.262374	0.254947	0.344933	0.263389	0.255649	0.264789	0.267240	0.348419	0.265431	
0.253743	0.000000	0.361891	0.242797	0.263928	0.271896	0.252246	0.251408	0.360179	0.264376	0.255238	0.255675	0.365391	0.273444	0.302061	0.250398	0.259208	0.270662	0.277778	0.268576	0.257959	0.263417	0.252855	0.338868	0.258099	0.259793	0.270272	0.269278	0.341953	0.263649	
0.364102	0.361891	0.000000	0.306710	0.371004	0.355451	0.369149	0.356303	0.271307	0.367275	0.365342	0.357880	0.229844	0.327391	0.325467	0.360604	0.366278	0.360140	0.360045	0.377391	0.365439	0.379960	0.366094	0.300318	0.365222	0.365796	0.375514	0.378069	0.295955	0.380032	
0.248466	0.242797	0.306710	0.000000	0.273463	0.239338	0.271987	0.260918	0.349004	0.270073	0.267224	0.261734	0.331050	0.255181	0.325464	0.264802	0.271688	0.261221	0.273826	0.278263	0.268945	0.279980	0.271293	0.327815	0.261391	0.261448	0.275598	0.290180	0.329221	0.274914	
0.261957	0.263928	0.371004	0.273463	0.000000	0.255859	0.258989	0.258441	0.361805	0.122518	0.262777	0.260258	0.374801	0.288841	0.309200	0.261391	0.257335	0.282062	0.281747	0.273079	0.265017	0.274132	0.259435	0.351781	0.272226	0.267711	0.277983	0.277882	0.359953	0.274409	
0.269582	0.271896	0.355451	0.239338	0.255859	0.000000	0.250374	0.248375	0.336772	0.256608	0.230989	0.253301	0.363883	0.263636	0.323432	0.269745	0.260188	0.258542	0.280270	0.279720	0.269719	0.272446	0.256555	0.346920	0.268071	0.270218	0.271810	0.279846	0.348308	0.273184	
0.251903	0.252246	0.369149	0.271987	0.258989	0.250374	0.000000	0.254899	0.362095	0.256003	0.249493	0.247616	0.369512	0.277391	0.300761	0.255179	0.260609	0.275348	0.273514	0.271567	0.254154	0.267354	0.254084	0.346257	0.253356	0.255051	0.271216	0.272229	0.345186	0.267187	
0.257618	0.251408	0.356303	0.260918	0.258441	0.248375	0.254899	0.000000	0.348128	0.256893	0.257959	0.252917	0.358324	0.276793	0.309113	0.260635	0.264078	0.267543	0.274701	0.267431	0.252656	0.270082	0.250636	0.333258	0.261511	0.262707	0.272256	0.269981	0.339769	0.268144	
0.358578	0.360179	0.271307	0.349004	0.361805	0.336772	0.362095	0.348128	0.000000	0.361665	0.362306	0.352947	0.272771	0.332522	0.331678	0.360105	0.363570	0.360919	0.352834	0.372063	0.365328	0.369539	0.357134	0.269488	0.364674	0.363576	0.368963	0.372629	0.265504	0.371799	
0.262355	0.264376	0.367275	0.270073	0.122518	0.256608	0.256003	0.256893	0.361665	0.000000	0.257694	0.261226	0.369346	0.285834	0.328089	0.259382	0.257385	0.274555	0.280451	0.275251	0.264537	0.275535	0.259730	0.350754	0.270267	0.263031	0.279085	0.279306	0.360380	0.274227	
0.253727	0.255238	0.365342	0.267224	0.262777	0.230989	0.249493	0.257959	0.362306	0.257694	0.000000	0.256283	0.368926	0.287356	0.301887	0.256346	0.261506	0.276087	0.270696	0.272816	0.258174	0.264678	0.251341	0.343536	0.261291	0.260651	0.269048	0.278201	0.348508	0.267100	
0.259317	0.255675	0.357880	0.261734	0.260258	0.253301	0.247616	0.252917	0.352947	0.261226	0.256283	0.000000	0.357430	0.267313	0.289355	0.249750	0.251626	0.254295	0.277388	0.267570	0.251069	0.267558	0.254505	0.340199	0.264230	0.262436	0.275872	0.276103	0.351633	0.267332	
0.365694	0.365391	0.229844	0.331050	0.374801	0.363883	0.369512	0.358324	0.272771	0.369346	0.368926	0.357430	0.000000	0.301520	0.274784	0.369606	0.367580	0.352046	0.353832	0.379976	0.369521	0.377668	0.367433	0.303969	0.366703	0.370433	0.379816	0.383809	0.305351	0.378107	
0.275152	0.273444	0.327391	0.255181	0.288841	0.263636	0.277391	0.276793	0.332522	0.285834	0.287356	0.267313	0.301520	0.000000	0.280265	0.261007	0.277995	0.266937	0.274009	0.283219	0.281209	0.281136	0.281626	0.336548	0.273201	0.293396	0.282950	0.286909	0.326995	0.290062	
0.303212	0.302061	0.325467	0.325464	0.309200	0.323432	0.300761	0.309113	0.331678	0.328089	0.301887	0.289355	0.274784	0.280265	0.000000	0.281901	0.276998	0.287658	0.337621	0.323721	0.306947	0.314455	0.317033	0.338893	0.320237	0.318451	0.333155	0.324528	0.347703	0.311590	
0.254875	0.250398	0.360604	0.264802	0.261391	0.269745	0.255179	0.260635	0.360105	0.259382	0.256346	0.249750	0.369606	0.261007	0.281901	0.000000	0.252025	0.263938	0.284629	0.267232	0.260353	0.270333	0.254903	0.344363	0.258582	0.258306	0.267523	0.271427	0.342736	0.263321	
0.260191	0.259208	0.366278	0.271688	0.257335	0.260188	0.260609	0.264078	0.363570	0.257385	0.261506	0.251626	0.367580	0.277995	0.276998	0.252025	0.000000	0.270267	0.267403	0.273659	0.261645	0.270473	0.258036	0.351566	0.262120	0.263787	0.269810	0.276195	0.356020	0.266594	
0.267066	0.270662	0.360140	0.261221	0.282062	0.258542	0.275348	0.267543	0.360919	0.274555	0.276087	0.254295	0.352046	0.266937	0.287658	0.263938	0.270267	0.000000	0.269202	0.163665	0.271764	0.285462	0.268769	0.344990	0.278717	0.269882	0.170156	0.165607	0.340525	0.288454	
0.281017	0.277778	0.360045	0.273826	0.281747	0.280270	0.273514	0.274701	0.352834	0.280451	0.270696	0.277388	0.353832	0.274009	0.337621	0.284629	0.267403	0.269202	0.000000	0.261858	0.248639	0.264114	0.254359	0.326325	0.246855	0.276619	0.261532	0.268988	0.337838	0.259653	
0.264754	0.268576	0.377391	0.278263	0.273079	0.279720	0.271567	0.267431	0.372063	0.275251	0.272816	0.267570	0.379976	0.283219	0.323721	0.267232	0.273659	0.163665	0.261858	0.000000	0.264529	0.280996	0.257329	0.349321	0.273980	0.266342	0.131973	0.133047	0.335613	0.277638	
0.256045	0.257959	0.365439	0.268945	0.265017	0.269719	0.254154	0.252656	0.365328	0.264537	0.258174	0.251069	0.369521	0.281209	0.306947	0.260353	0.261645	0.271764	0.248639	0.264529	0.000000	0.263449	0.244656	0.336488	0.261560	0.258492	0.269389	0.271309	0.352501	0.263182	
0.262374	0.263417	0.379960	0.279980	0.274132	0.272446	0.267354	0.270082	0.369539	0.275535	0.264678	0.267558	0.377668	0.281136	0.314455	0.270333	0.270473	0.285462	0.264114	0.280996	0.263449	0.000000	0.265718	0.341997	0.271105	0.268643	0.280810	0.283073	0.348647	0.122864	
0.254947	0.252855	0.366094	0.271293	0.259435	0.256555	0.254084	0.250636	0.357134	0.259730	0.251341	0.254505	0.367433	0.281626	0.317033	0.254903	0.258036	0.268769	0.254359	0.257329	0.244656	0.265718	0.000000	0.337894	0.250000	0.257775	0.265492	0.268378	0.351542	0.264806	
0.344933	0.338868	0.300318	0.327815	0.351781	0.346920	0.346257	0.333258	0.269488	0.350754	0.343536	0.340199	0.303969	0.336548	0.338893	0.344363	0.351566	0.344990	0.326325	0.349321	0.336488	0.341997	0.337894	0.000000	0.337966	0.343400	0.348535	0.352805	0.180365	0.346427	
0.263389	0.258099	0.365222	0.261391	0.272226	0.268071	0.253356	0.261511	0.364674	0.270267	0.261291	0.264230	0.366703	0.273201	0.320237	0.258582	0.262120	0.278717	0.246855	0.273980	0.261560	0.271105	0.250000	0.337966	0.000000	0.263954	0.273163	0.272797	0.352388	0.271027	
0.255649	0.259793	0.365796	0.261448	0.267711	0.270218	0.255051	0.262707	0.363576	0.263031	0.260651	0.262436	0.370433	0.293396	0.318451	0.258306	0.263787	0.269882	0.276619	0.266342	0.258492	0.268643	0.257775	0.343400	0.263954	0.000000	0.260531	0.268140	0.343926	0.265112	
0.264789	0.270272	0.375514	0.275598	0.277983	0.271810	0.271216	0.272256	0.368963	0.279085	0.269048	0.275872	0.379816	0.282950	0.333155	0.267523	0.269810	0.170156	0.261532	0.131973	0.269389	0.280810	0.265492	0.348535	0.273163	0.260531	0.000000	0.131226	0.335530	0.279337	
0.267240	0.269278	0.378069	0.290180	0.277882	0.279846	0.272229	0.269981	0.372629	0.279306	0.278201	0.276103	0.383809	0.286909	0.324528	0.271427	0.276195	0.165607	0.268988	0.133047	0.271309	0.283073	0.268378	0.352805	0.272797	0.268140	0.131226	0.000000	0.341847	0.282352	
0.348419	0.341953	0.295955	0.329221	0.359953	0.348308	0.345186	0.339769	0.265504	0.360380	0.348508	0.351633	0.305351	0.326995	0.347703	0.342736	0.356020	0.340525	0.337838	0.335613	0.352501	0.348647	0.351542	0.180365	0.352388	0.343926	0.335530	0.341847	0.000000	0.346710	
0.265431	0.263649	0.380032	0.274914	0.274409	0.273184	0.267187	0.268144	0.371799	0.274227	0.267100	0.267332	0.378107	0.290062	0.311590	0.263321	0.266594	0.288454	0.259653	0.277638	0.263182	0.122864	0.264806	0.346427	0.271027	0.265112	0.279337	0.282352	0.346710	0.000000	
