0.9337860 0.0260697 -0.2915153 0.0241372 0.0269091 0.0207733 0.0473585 0.0208601 -0.2792543 0.0199955 0.0298413 -0.2947918 -0.0218050 -0.1033396 0.0189350 0.0142740 0.0190365 0.0235042 0.0220966 0.0368046 0.0171141 -0.2247875 -0.0039402 0.0189784 0.0140100 -0.2402299
0.0260697 0.9366127 -0.2927318 0.0239579 0.0132126 0.0206101 0.0422496 0.0274457 -0.2932982 0.0155589 0.0370672 -0.3095075 -0.0232073 -0.1056477 0.0357467 0.0088460 0.0213551 0.0291963 0.0200653 0.0308184 0.0196593 -0.2265878 0.0204327 0.0271454 -0.0055960 -0.2333070
-0.2915153 -0.2927318 2.2664719 -0.0567176 -0.2921884 -0.1537883 -0.2956966 -0.2567694 0.7780385 -0.2953488 -0.2510361 1.0993766 0.0528627 0.3942032 -0.2955689 -0.2886933 -0.2249285 -0.1810354 -0.2806339 -0.3111970 -0.2954824 0.6985951 -0.2860360 -0.2891269 -0.2989057 0.6982660
0.0241372 0.0239579 -0.0567176 0.9647199 0.0102483 0.0104903 0.0096893 0.0062599 -0.0814112 0.0086075 0.0100332 -0.0792186 -0.0020227 -0.0251128 0.0098846 0.0036922 0.0060772 0.0084573 0.0080092 0.0086687 0.0093080 -0.0530785 0.0106510 0.0101906 0.0038410 -0.0572220
0.0269091 0.0132126 -0.2921884 0.0102483 0.9367330 0.0382710 0.0452003 0.0337403 -0.2694022 0.0180548 0.0342307 -0.2884097 -0.0186233 -0.0997296 0.0329899 0.0394243 0.0234184 0.0247181 0.0149844 0.0165012 0.0265071 -0.2155277 0.0065751 0.0199345 -0.0008774 -0.2286572
0.0207733 0.0206101 -0.1537883 0.0104903 0.0382710 0.9421963 0.0311909 0.0285001 -0.1152756 0.0517479 0.0225066 -0.1498921 -0.0073813 -0.0469981 0.0235682 0.0234240 0.0192861 0.0154200 0.0241126 0.0267554 0.0232460 -0.1021408 0.0217414 0.0216601 0.0205439 -0.1046312
0.0473585 0.0422496 -0.2956966 0.0096893 0.0452003 0.0311909 0.8824872 0.0392784 -0.2691833 0.0570482 0.0525026 -0.2911866 -0.0172649 -0.0978823 0.0305827 0.0333738 0.0206563 0.0298418 0.0299321 0.0292776 0.0334171 -0.2183381 0.0294506 0.0331840 0.0009647 -0.2223121
0.0208601 0.0274457 -0.2567694 0.0062599 0.0337403 0.0285001 0.0392784 0.9185423 -0.2239893 0.0321384 0.0330216 -0.2410704 -0.0155150 -0.0826415 0.0175494 0.0193360 0.0207720 0.0230644 0.0391766 0.0179128 0.0306583 -0.1835841 0.0208508 0.0137234 0.0134565 -0.1880371
-0.2792543 -0.2932982 0.7780385 -0.0814112 -0.2694022 -0.1152756 -0.2691833 -0.2239893 2.2239950 -0.2937524 -0.2317626 0.7671869 0.0362185 0.3625039 -0.2916078 -0.2794743 -0.2155250 -0.1700268 -0.2854839 -0.2873833 -0.2677546 0.7559419 -0.2838192 -0.2745635 -0.2919244 0.7772248
0.0199955 0.0155589 -0.2953488 0.0086075 0.0180548 0.0517479 0.0570482 0.0321384 -0.2937524 0.9551040 0.0322381 -0.2979294 -0.0253214 -0.1084964 0.0251001 0.0074359 0.0172188 0.0286896 0.0204107 0.0196846 0.0310490 -0.2343852 0.0101677 0.0129595 -0.0050270 -0.2387647
0.0298413 0.0370672 -0.2510361 0.0100332 0.0342307 0.0225066 0.0525026 0.0330216 -0.2317626 0.0322381 0.9257458 -0.2282681 -0.0129803 -0.0732781 0.0442446 0.0442091 0.0409673 0.0236283 0.0378928 0.0277031 0.0358874 -0.1822603 0.0254873 0.0226400 0.0244005 -0.1878420
-0.2947918 -0.3095075 1.0993766 -0.0792186 -0.2884097 -0.1498921 -0.2911866 -0.2410704 0.7671869 -0.2979294 -0.2282681 2.2410583 0.0697826 0.4127530 -0.2954683 -0.2954893 -0.1958082 -0.1780452 -0.2991745 -0.3076237 -0.2943498 0.6818054 -0.2864232 -0.2947989 -0.3053478 0.6858011
-0.0218050 -0.0232073 0.0528627 -0.0020227 -0.0186233 -0.0073813 -0.0172649 -0.0155150 0.0362185 -0.0253214 -0.0129803 0.0697826 1.0247686 0.0206761 -0.0063392 -0.0150578 -0.0089252 -0.0107510 -0.0221361 -0.0217004 -0.0201266 0.0284175 -0.0204134 -0.0263216 -0.0215959 0.0332985
-0.1033396 -0.1056477 0.3942032 -0.0251128 -0.0997296 -0.0469981 -0.0978823 -0.0826415 0.3625039 -0.1084964 -0.0732781 0.4127530 0.0206761 1.2609843 -0.0896021 -0.0935569 -0.0597138 -0.0579840 -0.1017197 -0.1051676 -0.0993455 0.2707706 -0.0979088 -0.1006515 -0.1016799 0.2783389
0.0189350 0.0357467 -0.2955689 0.0098846 0.0329899 0.0235682 0.0305827 0.0175494 -0.2916078 0.0251001 0.0442446 -0.2954683 -0.0063392 -0.0896021 0.9275990 0.0260921 0.0379046 0.0245795 0.0157507 0.0105727 0.0204451 -0.2284421 0.0054355 0.0287580 0.0094987 -0.2309437
0.0142740 0.0088460 -0.2886933 0.0036922 0.0394243 0.0234240 0.0333738 0.0193360 -0.2794743 0.0074359 0.0442091 -0.2954893 -0.0150578 -0.0935569 0.0260921 0.9503670 0.0298340 0.0352870 0.0236794 0.0137777 0.0164699 -0.2303346 0.0200494 0.0112967 0.0083202 -0.2353154
0.0190365 0.0213551 -0.2249285 0.0060772 0.0234184 0.0192861 0.0206563 0.0207720 -0.2155250 0.0172188 0.0409673 -0.1958082 -0.0089252 -0.0597138 0.0379046 0.0298340 0.9284572 0.0305382 0.0199195 0.0188053 0.0209066 -0.1567905 0.0151746 0.0305680 0.1982430 -0.1525419
0.0235042 0.0291963 -0.1810354 0.0084573 0.0247181 0.0154200 0.0298418 0.0230644 -0.1700268 0.0286896 0.0236283 -0.1780452 -0.0107510 -0.0579840 0.0245795 0.0352870 0.0305382 0.9347190 0.0454525 0.0495646 0.0407959 -0.1227566 0.0523981 0.0295211 0.0519424 -0.1267672
0.0220966 0.0200653 -0.2806339 0.0080092 0.0149844 0.0241126 0.0299321 0.0391766 -0.2854839 0.0204107 0.0378928 -0.2991745 -0.0221361 -0.1017197 0.0157507 0.0236794 0.0199195 0.0454525 0.9279982 0.0237623 0.0444051 -0.2052102 0.0101527 0.0077667 -0.0011218 -0.2346053
0.0368046 0.0308184 -0.3111970 0.0086687 0.0165012 0.0267554 0.0292776 0.0179128 -0.2873833 0.0196846 0.0277031 -0.3076237 -0.0217004 -0.1051676 0.0105727 0.0137777 0.0188053 0.0495646 0.0237623 0.9613189 0.0286447 -0.2173698 0.0005298 0.0162050 -0.0119389 -0.2204754
0.0171141 0.0196593 -0.2954824 0.0093080 0.0265071 0.0232460 0.0334171 0.0306583 -0.2677546 0.0310490 0.0358874 -0.2943498 -0.0201266 -0.0993455 0.0204451 0.0164699 0.0209066 0.0407959 0.0444051 0.0286447 0.9054586 -0.2068696 0.0462231 0.0262563 0.0157093 -0.2269491
-0.2247875 -0.2265878 0.6985951 -0.0530785 -0.2155277 -0.1021408 -0.2183381 -0.1835841 0.7559419 -0.2343852 -0.1822603 0.6818054 0.0284175 0.2707706 -0.2284421 -0.2303346 -0.1567905 -0.1227566 -0.2052102 -0.2173698 -0.2068696 1.6904529 -0.1871167 -0.2211397 -0.2140098 0.7921736
-0.0039402 0.0204327 -0.2860360 0.0106510 0.0065751 0.0217414 0.0294506 0.0208508 -0.2838192 0.0101677 0.0254873 -0.2864232 -0.0204134 -0.0979088 0.0054355 0.0200494 0.0151746 0.0523981 0.0101527 0.0005298 0.0462231 -0.1871167 0.9602982 0.0083690 -0.0002167 -0.2228410
0.0189784 0.0271454 -0.2891269 0.0101906 0.0199345 0.0216601 0.0331840 0.0137234 -0.2745635 0.0129595 0.0226400 -0.2947989 -0.0263216 -0.1006515 0.0287580 0.0112967 0.0305680 0.0295211 0.0077667 0.0162050 0.0262563 -0.2211397 0.0083690 0.9367452 0.0160107 -0.2090533
0.0140100 -0.0055960 -0.2989057 0.0038410 -0.0008774 0.0205439 0.0009647 0.0134565 -0.2919244 -0.0050270 0.0244005 -0.3053478 -0.0215959 -0.1016799 0.0094987 0.0083202 0.1982430 0.0519424 -0.0011218 -0.0119389 0.0157093 -0.2140098 -0.0002167 0.0160107 0.9218324 -0.1693120
-0.2402299 -0.2333070 0.6982660 -0.0572220 -0.2286572 -0.1046312 -0.2223121 -0.1880371 0.7772248 -0.2387647 -0.1878420 0.6858011 0.0332985 0.2783389 -0.2309437 -0.2353154 -0.1525419 -0.1267672 -0.2346053 -0.2204754 -0.2269491 0.7921736 -0.2228410 -0.2090533 -0.1693120 1.7187186
