0.9922209 -0.1234359 -0.1679952 -0.1245649 -0.1208417 0.1232387 -0.0103773 0.1612970 0.1349664 0.1074846 -0.0645205 -0.0421082 -0.1551139
-0.1234359 1.0296082 -0.0463211 -0.0390282 -0.0868385 -0.1540731 -0.1462041 -0.1468040 -0.1522398 -0.0984060 -0.0084234 -0.1270200 -0.0710321
-0.1679952 -0.0463211 1.1121200 -0.0642619 -0.0993547 -0.2146227 -0.1779856 -0.2255768 -0.2111094 -0.1698031 0.0080247 -0.1416020 -0.0689843
-0.1245649 -0.0390282 -0.0642619 0.9979749 -0.0848396 -0.1358140 -0.1341685 -0.1175139 -0.1363025 -0.0846014 -0.0119128 -0.1195386 -0.0620300
-0.1208417 -0.0868385 -0.0993547 -0.0848396 1.0773616 -0.1209796 -0.1381880 -0.1095291 -0.1155643 -0.0834254 -0.0257336 -0.1235335 -0.1022353
0.1232387 -0.1540731 -0.2146227 -0.1358140 -0.1209796 1.0938816 0.1042259 0.2144808 0.2018131 0.1247717 -0.0762815 0.0018069 -0.1765026
-0.0103773 -0.1462041 -0.1779856 -0.1341685 -0.1381880 0.1042259 1.0821608 0.1627617 0.1069738 0.1123815 -0.0781638 -0.1077424 -0.1564495
0.1612970 -0.1468040 -0.2255768 -0.1175139 -0.1095291 0.2144808 0.1627617 1.0928656 0.2160720 0.1317980 -0.0678335 0.0355549 -0.1855416
0.1349664 -0.1522398 -0.2111094 -0.1363025 -0.1155643 0.2018131 0.1069738 0.2160720 1.0871245 0.1288940 -0.0775762 -0.0055617 -0.1765106
0.1074846 -0.0984060 -0.1698031 -0.0846014 -0.0834254 0.1247717 0.1123815 0.1317980 0.1288940 1.0072862 -0.0412391 0.0268071 -0.1324494
-0.0645205 -0.0084234 0.0080247 -0.0119128 -0.0257336 -0.0762815 -0.0781638 -0.0678335 -0.0775762 -0.0412391 0.9528816 -0.0328234 0.0141487
-0.0421082 -0.1270200 -0.1416020 -0.1195386 -0.1235335 0.0018069 -0.1077424 0.0355549 -0.0055617 0.0268071 -0.0328234 1.0708046 -0.1408022
-0.1551139 -0.0710321 -0.0689843 -0.0620300 -0.1022353 -0.1765026 -0.1564495 -0.1855416 -0.1765106 -0.1324494 0.0141487 -0.1408022 1.0760814
