0.000000	0.300252	0.310360	0.302994	0.317092	0.289140	0.312504	0.286119	0.286280	0.301383	0.305778	0.303938	0.305510	
0.300252	0.000000	0.304549	0.293540	0.312683	0.310790	0.312116	0.308924	0.309113	0.303294	0.301905	0.308049	0.304552	
0.310360	0.304549	0.000000	0.306424	0.316351	0.319674	0.319899	0.325123	0.313915	0.314112	0.306566	0.319527	0.313682	
0.302994	0.293540	0.306424	0.000000	0.307674	0.303475	0.307035	0.308663	0.308041	0.311987	0.307118	0.306664	0.302565	
0.317092	0.312683	0.316351	0.307674	0.000000	0.312972	0.318600	0.321337	0.312304	0.315629	0.308969	0.320246	0.314934	
0.289140	0.310790	0.319674	0.303475	0.312972	0.000000	0.306718	0.279989	0.275399	0.306068	0.311394	0.303926	0.308765	
0.312504	0.312116	0.319899	0.307035	0.318600	0.306718	0.000000	0.307034	0.311692	0.307809	0.308948	0.315964	0.313237	
0.286119	0.308924	0.325123	0.308663	0.321337	0.279989	0.307034	0.000000	0.279533	0.308058	0.307127	0.318416	0.320467	
0.286280	0.309113	0.313915	0.308041	0.312304	0.275399	0.311692	0.279533	0.000000	0.303892	0.309885	0.316885	0.307102	
0.301383	0.303294	0.314112	0.311987	0.315629	0.306068	0.307809	0.308058	0.303892	0.000000	0.307092	0.309179	0.320025	
0.305778	0.301905	0.306566	0.307118	0.308969	0.311394	0.308948	0.307127	0.309885	0.307092	0.000000	0.296068	0.293850	
0.303938	0.308049	0.319527	0.306664	0.320246	0.303926	0.315964	0.318416	0.316885	0.309179	0.296068	0.000000	0.312319	
0.305510	0.304552	0.313682	0.302565	0.314934	0.308765	0.313237	0.320467	0.307102	0.320025	0.293850	0.312319	0.000000	
