0.000000	0.269285	0.281406	0.269064	0.280877	0.276838	0.282855	0.263006	0.271863	0.140084	0.249429	0.254149	0.257465	0.268634	0.262099	0.276412	0.325346	0.324195	0.322039	0.297550	0.300036	0.299942	0.300144	0.294611	0.299057	
0.269285	0.000000	0.254367	0.239506	0.261046	0.255091	0.261988	0.268873	0.249048	0.270041	0.260480	0.260689	0.258543	0.252406	0.246069	0.251337	0.296817	0.300173	0.297760	0.298081	0.296348	0.298844	0.272884	0.270490	0.273589	
0.281406	0.254367	0.000000	0.254394	0.272390	0.124630	0.272934	0.277950	0.265286	0.280763	0.284613	0.271845	0.269132	0.263852	0.253678	0.259472	0.312219	0.308659	0.312022	0.306559	0.306177	0.311121	0.289973	0.286652	0.290392	
0.269064	0.239506	0.254394	0.000000	0.261572	0.254132	0.261241	0.259863	0.250367	0.267434	0.259600	0.260042	0.259809	0.251982	0.247513	0.249766	0.298935	0.299235	0.299659	0.301207	0.298233	0.298375	0.280096	0.275033	0.276689	
0.280877	0.261046	0.272390	0.261572	0.000000	0.270411	0.128202	0.269250	0.263172	0.281001	0.270166	0.267720	0.267343	0.263892	0.261180	0.261889	0.307486	0.306673	0.304998	0.302259	0.304084	0.305469	0.287361	0.281205	0.285547	
0.276838	0.255091	0.124630	0.254132	0.270411	0.000000	0.271315	0.277645	0.264499	0.278082	0.279148	0.268480	0.268173	0.263944	0.259738	0.260166	0.310713	0.310913	0.310149	0.308648	0.308476	0.312321	0.288830	0.284478	0.288113	
0.282855	0.261988	0.272934	0.261241	0.128202	0.271315	0.000000	0.269023	0.266240	0.288680	0.272976	0.273154	0.264379	0.261493	0.264581	0.266631	0.312827	0.312181	0.311885	0.311722	0.309466	0.313563	0.292810	0.288989	0.291396	
0.263006	0.268873	0.277950	0.259863	0.269250	0.277645	0.269023	0.000000	0.261678	0.263721	0.242491	0.241817	0.263281	0.265858	0.256514	0.267224	0.306628	0.305143	0.312145	0.271911	0.277105	0.275124	0.297329	0.290369	0.293486	
0.271863	0.249048	0.265286	0.250367	0.263172	0.264499	0.266240	0.261678	0.000000	0.265370	0.258501	0.260288	0.250745	0.259190	0.241962	0.253742	0.298212	0.297572	0.299829	0.293419	0.293075	0.299830	0.276686	0.275954	0.277977	
0.140084	0.270041	0.280763	0.267434	0.281001	0.278082	0.288680	0.263721	0.265370	0.000000	0.262617	0.258106	0.256573	0.272887	0.261880	0.270352	0.319268	0.316965	0.316974	0.298614	0.299615	0.297742	0.299271	0.295077	0.298680	
0.249429	0.260480	0.284613	0.259600	0.270166	0.279148	0.272976	0.242491	0.258501	0.262617	0.000000	0.236307	0.255355	0.262710	0.257586	0.273455	0.305949	0.303408	0.301227	0.277287	0.277507	0.273634	0.290550	0.283551	0.288001	
0.254149	0.260689	0.271845	0.260042	0.267720	0.268480	0.273154	0.241817	0.260288	0.258106	0.236307	0.000000	0.257483	0.265276	0.264996	0.259221	0.307738	0.304630	0.307064	0.268857	0.270148	0.272000	0.293087	0.284254	0.288906	
0.257465	0.258543	0.269132	0.259809	0.267343	0.268173	0.264379	0.263281	0.250745	0.256573	0.255355	0.257483	0.000000	0.254831	0.254134	0.268790	0.308004	0.307411	0.301484	0.292401	0.293594	0.298911	0.283811	0.284289	0.285176	
0.268634	0.252406	0.263852	0.251982	0.263892	0.263944	0.261493	0.265858	0.259190	0.272887	0.262710	0.265276	0.254831	0.000000	0.242663	0.246554	0.300518	0.298456	0.299313	0.296907	0.305888	0.300649	0.279876	0.284063	0.282289	
0.262099	0.246069	0.253678	0.247513	0.261180	0.259738	0.264581	0.256514	0.241962	0.261880	0.257586	0.264996	0.254134	0.242663	0.000000	0.249210	0.296367	0.295529	0.296438	0.291419	0.292280	0.290812	0.273708	0.269243	0.272139	
0.276412	0.251337	0.259472	0.249766	0.261889	0.260166	0.266631	0.267224	0.253742	0.270352	0.273455	0.259221	0.268790	0.246554	0.249210	0.000000	0.293031	0.298200	0.296969	0.296957	0.299699	0.296819	0.276353	0.272834	0.271731	
0.325346	0.296817	0.312219	0.298935	0.307486	0.310713	0.312827	0.306628	0.298212	0.319268	0.305949	0.307738	0.308004	0.300518	0.296367	0.293031	0.000000	0.129765	0.127167	0.331881	0.334376	0.335501	0.321598	0.316153	0.320000	
0.324195	0.300173	0.308659	0.299235	0.306673	0.310913	0.312181	0.305143	0.297572	0.316965	0.303408	0.304630	0.307411	0.298456	0.295529	0.298200	0.129765	0.000000	0.125517	0.331230	0.337786	0.339057	0.321689	0.316935	0.319221	
0.322039	0.297760	0.312022	0.299659	0.304998	0.310149	0.311885	0.312145	0.299829	0.316974	0.301227	0.307064	0.301484	0.299313	0.296438	0.296969	0.127167	0.125517	0.000000	0.332354	0.337565	0.339562	0.323403	0.317078	0.319510	
0.297550	0.298081	0.306559	0.301207	0.302259	0.308648	0.311722	0.271911	0.293419	0.298614	0.277287	0.268857	0.292401	0.296907	0.291419	0.296957	0.331881	0.331230	0.332354	0.000000	0.140327	0.140570	0.324273	0.320306	0.320427	
0.300036	0.296348	0.306177	0.298233	0.304084	0.308476	0.309466	0.277105	0.293075	0.299615	0.277507	0.270148	0.293594	0.305888	0.292280	0.299699	0.334376	0.337786	0.337565	0.140327	0.000000	0.140272	0.322870	0.318764	0.320272	
0.299942	0.298844	0.311121	0.298375	0.305469	0.312321	0.313563	0.275124	0.299830	0.297742	0.273634	0.272000	0.298911	0.300649	0.290812	0.296819	0.335501	0.339057	0.339562	0.140570	0.140272	0.000000	0.326975	0.320538	0.323941	
0.300144	0.272884	0.289973	0.280096	0.287361	0.288830	0.292810	0.297329	0.276686	0.299271	0.290550	0.293087	0.283811	0.279876	0.273708	0.276353	0.321598	0.321689	0.323403	0.324273	0.322870	0.326975	0.000000	0.142830	0.141441	
0.294611	0.270490	0.286652	0.275033	0.281205	0.284478	0.288989	0.290369	0.275954	0.295077	0.283551	0.284254	0.284289	0.284063	0.269243	0.272834	0.316153	0.316935	0.317078	0.320306	0.318764	0.320538	0.142830	0.000000	0.138391	
0.299057	0.273589	0.290392	0.276689	0.285547	0.288113	0.291396	0.293486	0.277977	0.298680	0.288001	0.288906	0.285176	0.282289	0.272139	0.271731	0.320000	0.319221	0.319510	0.320427	0.320272	0.323941	0.141441	0.138391	0.000000	
