0.000000	0.314235	0.331462	0.311906	0.337563	0.333792	0.343177	0.297363	0.318081	0.169666	0.282487	0.295978	0.291843	0.310290	0.310967	0.319181	
0.314235	0.000000	0.304310	0.275279	0.312170	0.298976	0.315805	0.292687	0.286450	0.312194	0.284311	0.290665	0.286342	0.277594	0.282610	0.280703	
0.331462	0.304310	0.000000	0.302285	0.325083	0.151974	0.330580	0.314276	0.309577	0.332659	0.314977	0.316794	0.308454	0.304828	0.300160	0.303396	
0.311906	0.275279	0.302285	0.000000	0.303702	0.296408	0.312403	0.290610	0.284171	0.315159	0.280346	0.294035	0.283104	0.283739	0.280015	0.276741	
0.337563	0.312170	0.325083	0.303702	0.000000	0.331192	0.161166	0.315080	0.309883	0.339195	0.315136	0.313011	0.309426	0.306169	0.299117	0.305849	
0.333792	0.298976	0.151974	0.296408	0.331192	0.000000	0.335053	0.314125	0.310487	0.336977	0.313098	0.314008	0.309239	0.303927	0.302955	0.306434	
0.343177	0.315805	0.330580	0.312403	0.161166	0.335053	0.000000	0.315543	0.311332	0.342715	0.322700	0.320548	0.313335	0.308416	0.306444	0.312827	
0.297363	0.292687	0.314276	0.290610	0.315080	0.314125	0.315543	0.000000	0.290192	0.294561	0.255449	0.260303	0.278301	0.282655	0.283394	0.290873	
0.318081	0.286450	0.309577	0.284171	0.309883	0.310487	0.311332	0.290192	0.000000	0.314649	0.288550	0.287971	0.281420	0.282768	0.282448	0.287219	
0.169666	0.312194	0.332659	0.315159	0.339195	0.336977	0.342715	0.294561	0.314649	0.000000	0.292230	0.299090	0.298440	0.314809	0.308208	0.320683	
0.282487	0.284311	0.314977	0.280346	0.315136	0.313098	0.322700	0.255449	0.288550	0.292230	0.000000	0.259727	0.279415	0.278444	0.291322	0.292366	
0.295978	0.290665	0.316794	0.294035	0.313011	0.314008	0.320548	0.260303	0.287971	0.299090	0.259727	0.000000	0.276525	0.289096	0.292593	0.287397	
0.291843	0.286342	0.308454	0.283104	0.309426	0.309239	0.313335	0.278301	0.281420	0.298440	0.279415	0.276525	0.000000	0.268631	0.279457	0.289355	
0.310290	0.277594	0.304828	0.283739	0.306169	0.303927	0.308416	0.282655	0.282768	0.314809	0.278444	0.289096	0.268631	0.000000	0.270784	0.272662	
0.310967	0.282610	0.300160	0.280015	0.299117	0.302955	0.306444	0.283394	0.282448	0.308208	0.291322	0.292593	0.279457	0.270784	0.000000	0.279106	
0.319181	0.280703	0.303396	0.276741	0.305849	0.306434	0.312827	0.290873	0.287219	0.320683	0.292366	0.287397	0.289355	0.272662	0.279106	0.000000	
