0.9591468 -0.0297320 -0.1132516 -0.0594353 0.0166738 -0.0626182 0.0178321 -0.0582127 -0.0707224 -0.0444206 -0.0429509 -0.0665892 -0.1111400 -0.0866512 -0.0624216 -0.0286645 -0.0300264
-0.0297320 0.9703472 -0.1118763 -0.0273663 -0.0364520 -0.0949791 0.2252673 -0.0692743 -0.0655255 -0.0419411 -0.0455419 -0.0762467 -0.1041523 -0.0863250 -0.0879909 -0.0318045 -0.0520542
-0.1132516 -0.1118763 0.9067210 -0.1614852 -0.0720201 0.6971411 0.0038341 -0.1790839 -0.1923726 -0.1874567 -0.1807334 -0.1815144 0.6923319 -0.1702138 -0.1588542 -0.1478521 -0.1851881
-0.0594353 -0.0273663 -0.1614852 1.1112598 -0.0433190 -0.1716767 -0.0615342 -0.0538351 -0.0452175 -0.0303749 -0.0355415 -0.0397063 -0.1695576 -0.0544468 -0.0616050 -0.0316154 -0.0421516
0.0166738 -0.0364520 -0.0720201 -0.0433190 1.0023475 -0.0554792 -0.0244024 -0.0343919 -0.0277871 -0.0175379 -0.0118269 -0.0291961 -0.0668918 -0.0444015 -0.0412866 -0.0076687 -0.0200766
-0.0626182 -0.0949791 0.6971411 -0.1716767 -0.0554792 1.1210301 0.0242819 -0.1941919 -0.2024878 -0.1685835 -0.1882960 -0.1858817 0.6165830 -0.1694258 -0.1696983 -0.1409754 -0.1845642
0.0178321 0.2252673 0.0038341 -0.0615342 -0.0244024 0.0242819 0.9844922 -0.0633730 -0.0724833 -0.0506217 -0.0565873 -0.0616923 0.0020076 -0.0718469 -0.0677301 -0.0414350 -0.0549531
-0.0582127 -0.0692743 -0.1790839 -0.0538351 -0.0343919 -0.1941919 -0.0633730 1.1048696 -0.0367224 0.0232480 -0.0176091 -0.0365257 -0.1577080 -0.0617267 -0.0621096 -0.0373566 -0.0456912
-0.0707224 -0.0655255 -0.1923726 -0.0452175 -0.0277871 -0.2024878 -0.0724833 -0.0367224 1.1105980 0.0131420 -0.0064393 -0.0397899 -0.1854230 -0.0498001 -0.0379255 -0.0401566 -0.0278458
-0.0444206 -0.0419411 -0.1874567 -0.0303749 -0.0175379 -0.1685835 -0.0506217 0.0232480 0.0131420 0.9997652 0.0171506 0.0207725 -0.1718145 0.0727646 -0.0242158 -0.0143099 0.0006755
-0.0429509 -0.0455419 -0.1807334 -0.0355415 -0.0118269 -0.1882960 -0.0565873 -0.0176091 -0.0064393 0.0171506 1.0046706 -0.0063553 -0.1701177 -0.0013754 -0.0221070 0.0017719 -0.0181909
-0.0665892 -0.0762467 -0.1815144 -0.0397063 -0.0291961 -0.1858817 -0.0616923 -0.0365257 -0.0397899 0.0207725 -0.0063553 1.0856252 -0.1677211 -0.0551929 -0.0504714 -0.0208547 -0.0319777
-0.1111400 -0.1041523 0.6923319 -0.1695576 -0.0668918 0.6165830 0.0020076 -0.1577080 -0.1854230 -0.1718145 -0.1701177 -0.1677211 0.9561285 -0.1161890 -0.1660888 -0.1410030 -0.1776216
-0.0866512 -0.0863250 -0.1702138 -0.0544468 -0.0444015 -0.1694258 -0.0718469 -0.0617267 -0.0498001 0.0727646 -0.0013754 -0.0551929 -0.1161890 1.0621448 -0.0658279 -0.0477245 -0.0298786
-0.0624216 -0.0879909 -0.1588542 -0.0616050 -0.0412866 -0.1696983 -0.0677301 -0.0621096 -0.0379255 -0.0242158 -0.0221070 -0.0504714 -0.1660888 -0.0658279 1.0955287 0.0296587 -0.0158987
-0.0286645 -0.0318045 -0.1478521 -0.0316154 -0.0076687 -0.1409754 -0.0414350 -0.0373566 -0.0401566 -0.0143099 0.0017719 -0.0208547 -0.1410030 -0.0477245 0.0296587 1.0338993 0.0113402
-0.0300264 -0.0520542 -0.1851881 -0.0421516 -0.0200766 -0.1845642 -0.0549531 -0.0456912 -0.0278458 0.0006755 -0.0181909 -0.0319777 -0.1776216 -0.0298786 -0.0158987 0.0113402 1.0627061
