0.000000	0.112645	0.223816	0.108530	0.237406	0.229285	0.106240	0.222560	0.108453	0.111466	0.240893	0.231621	0.217097	0.223301	0.227771	0.228742	0.226120	0.222659	0.237369	0.226816	0.229876	0.492515	0.494596	0.496221	0.364892	0.254999	0.228854	
0.112645	0.000000	0.219851	0.111798	0.237755	0.226303	0.111106	0.214980	0.106698	0.107202	0.239146	0.229382	0.208394	0.224853	0.227291	0.230774	0.225235	0.222561	0.233887	0.227320	0.229076	0.492096	0.492694	0.492655	0.364424	0.249423	0.226575	
0.223816	0.219851	0.000000	0.223687	0.236977	0.220814	0.225528	0.217394	0.221067	0.225615	0.240852	0.238697	0.155161	0.220633	0.223598	0.226862	0.218140	0.225482	0.232511	0.223011	0.234787	0.484675	0.486706	0.487989	0.360206	0.245722	0.227577	
0.108530	0.111798	0.223687	0.000000	0.241097	0.229670	0.107527	0.222014	0.110420	0.105283	0.241064	0.233940	0.216741	0.224487	0.230396	0.231967	0.228701	0.229005	0.238117	0.230186	0.234563	0.493942	0.497410	0.498185	0.372593	0.255978	0.234605	
0.237406	0.237755	0.236977	0.241097	0.000000	0.238357	0.241386	0.233454	0.238088	0.242263	0.124840	0.146307	0.233232	0.235811	0.239811	0.244446	0.238889	0.236458	0.135393	0.240471	0.242920	0.496329	0.498099	0.498251	0.373314	0.270171	0.250722	
0.229285	0.226303	0.220814	0.229670	0.238357	0.000000	0.233490	0.231335	0.229612	0.232402	0.240216	0.239829	0.233010	0.218858	0.218084	0.222507	0.223105	0.216701	0.237046	0.218485	0.230044	0.482865	0.487322	0.484932	0.363350	0.252668	0.228550	
0.106240	0.111106	0.225528	0.107527	0.241386	0.233490	0.000000	0.220771	0.105654	0.105477	0.241574	0.231408	0.215309	0.223927	0.229359	0.230016	0.228609	0.229592	0.240098	0.230668	0.233307	0.493833	0.496945	0.496274	0.369942	0.257141	0.232790	
0.222560	0.214980	0.217394	0.222014	0.233454	0.231335	0.220771	0.000000	0.214772	0.219199	0.232680	0.223438	0.224894	0.226688	0.224746	0.221594	0.215339	0.221362	0.229898	0.221830	0.229886	0.477675	0.485031	0.484146	0.345847	0.248173	0.225264	
0.108453	0.106698	0.221067	0.110420	0.238088	0.229612	0.105654	0.214772	0.000000	0.105218	0.239684	0.229065	0.215222	0.222470	0.228510	0.228438	0.225460	0.222796	0.237881	0.229832	0.229748	0.493961	0.497171	0.494502	0.365824	0.248062	0.231187	
0.111466	0.107202	0.225615	0.105283	0.242263	0.232402	0.105477	0.219199	0.105218	0.000000	0.242744	0.234763	0.217284	0.227838	0.231282	0.232946	0.229749	0.229012	0.238258	0.230900	0.233130	0.494604	0.497853	0.496585	0.368778	0.257112	0.234569	
0.240893	0.239146	0.240852	0.241064	0.124840	0.240216	0.241574	0.232680	0.239684	0.242744	0.000000	0.137761	0.238734	0.237920	0.239826	0.241940	0.238512	0.234065	0.139667	0.240364	0.244016	0.493757	0.497382	0.494951	0.372608	0.268121	0.248020	
0.231621	0.229382	0.238697	0.233940	0.146307	0.239829	0.231408	0.223438	0.229065	0.234763	0.137761	0.000000	0.228945	0.241236	0.241754	0.226787	0.240063	0.238137	0.153659	0.238600	0.244307	0.480347	0.483751	0.484095	0.365293	0.267937	0.246261	
0.217097	0.208394	0.155161	0.216741	0.233232	0.233010	0.215309	0.224894	0.215222	0.217284	0.238734	0.228945	0.000000	0.235020	0.239664	0.237490	0.231691	0.227570	0.230091	0.236730	0.239214	0.487229	0.490132	0.489643	0.350114	0.253362	0.238278	
0.223301	0.224853	0.220633	0.224487	0.235811	0.218858	0.223927	0.226688	0.222470	0.227838	0.237920	0.241236	0.235020	0.000000	0.215809	0.212733	0.217145	0.216373	0.231517	0.218168	0.222889	0.481892	0.485282	0.483109	0.368169	0.251389	0.226253	
0.227771	0.227291	0.223598	0.230396	0.239811	0.218084	0.229359	0.224746	0.228510	0.231282	0.239826	0.241754	0.239664	0.215809	0.000000	0.219452	0.216063	0.217072	0.236499	0.216443	0.221635	0.481246	0.484882	0.483086	0.353712	0.253435	0.228537	
0.228742	0.230774	0.226862	0.231967	0.244446	0.222507	0.230016	0.221594	0.228438	0.232946	0.241940	0.226787	0.237490	0.212733	0.219452	0.000000	0.213622	0.211772	0.233133	0.202778	0.224831	0.480269	0.484622	0.482388	0.363896	0.253497	0.225709	
0.226120	0.225235	0.218140	0.228701	0.238889	0.223105	0.228609	0.215339	0.225460	0.229749	0.238512	0.240063	0.231691	0.217145	0.216063	0.213622	0.000000	0.211480	0.232993	0.213335	0.219272	0.480011	0.483936	0.482457	0.356976	0.242565	0.223549	
0.222659	0.222561	0.225482	0.229005	0.236458	0.216701	0.229592	0.221362	0.222796	0.229012	0.234065	0.238137	0.227570	0.216373	0.217072	0.211772	0.211480	0.000000	0.233135	0.216240	0.220982	0.481431	0.485881	0.485974	0.355227	0.250028	0.225589	
0.237369	0.233887	0.232511	0.238117	0.135393	0.237046	0.240098	0.229898	0.237881	0.238258	0.139667	0.153659	0.230091	0.231517	0.236499	0.233133	0.232993	0.233135	0.000000	0.230571	0.238274	0.493003	0.494790	0.491724	0.369452	0.265371	0.241882	
0.226816	0.227320	0.223011	0.230186	0.240471	0.218485	0.230668	0.221830	0.229832	0.230900	0.240364	0.238600	0.236730	0.218168	0.216443	0.202778	0.213335	0.216240	0.230571	0.000000	0.224920	0.481635	0.486668	0.483144	0.354983	0.256392	0.225115	
0.229876	0.229076	0.234787	0.234563	0.242920	0.230044	0.233307	0.229886	0.229748	0.233130	0.244016	0.244307	0.239214	0.222889	0.221635	0.224831	0.219272	0.220982	0.238274	0.224920	0.000000	0.477432	0.479433	0.478859	0.311399	0.244519	0.229611	
0.492515	0.492096	0.484675	0.493942	0.496329	0.482865	0.493833	0.477675	0.493961	0.494604	0.493757	0.480347	0.487229	0.481892	0.481246	0.480269	0.480011	0.481431	0.493003	0.481635	0.477432	0.000000	0.130479	0.129867	0.304227	0.448085	0.468277	
0.494596	0.492694	0.486706	0.497410	0.498099	0.487322	0.496945	0.485031	0.497171	0.497853	0.497382	0.483751	0.490132	0.485282	0.484882	0.484622	0.483936	0.485881	0.494790	0.486668	0.479433	0.130479	0.000000	0.129763	0.301468	0.450641	0.471703	
0.496221	0.492655	0.487989	0.498185	0.498251	0.484932	0.496274	0.484146	0.494502	0.496585	0.494951	0.484095	0.489643	0.483109	0.483086	0.482388	0.482457	0.485974	0.491724	0.483144	0.478859	0.129867	0.129763	0.000000	0.303373	0.452551	0.471437	
0.364892	0.364424	0.360206	0.372593	0.373314	0.363350	0.369942	0.345847	0.365824	0.368778	0.372608	0.365293	0.350114	0.368169	0.353712	0.363896	0.356976	0.355227	0.369452	0.354983	0.311399	0.304227	0.301468	0.303373	0.000000	0.332530	0.345313	
0.254999	0.249423	0.245722	0.255978	0.270171	0.252668	0.257141	0.248173	0.248062	0.257112	0.268121	0.267937	0.253362	0.251389	0.253435	0.253497	0.242565	0.250028	0.265371	0.256392	0.244519	0.448085	0.450641	0.452551	0.332530	0.000000	0.248771	
0.228854	0.226575	0.227577	0.234605	0.250722	0.228550	0.232790	0.225264	0.231187	0.234569	0.248020	0.246261	0.238278	0.226253	0.228537	0.225709	0.223549	0.225589	0.241882	0.225115	0.229611	0.468277	0.471703	0.471437	0.345313	0.248771	0.000000	
