0.000000	0.159024	0.319278	0.148388	0.336089	0.326713	0.149075	0.312931	0.152695	0.154676	0.340779	0.328595	0.310724	0.328114	0.331343	0.327506	0.326288	0.324009	0.343879	0.329554	0.328396	0.328806	0.321803	
0.159024	0.000000	0.318874	0.154587	0.332962	0.322000	0.152820	0.308738	0.152830	0.149022	0.339186	0.327047	0.307989	0.332318	0.328757	0.329284	0.328340	0.323979	0.339919	0.334083	0.325099	0.328725	0.319574	
0.319278	0.318874	0.000000	0.320145	0.333791	0.311004	0.319502	0.319469	0.319131	0.319424	0.340055	0.341306	0.215596	0.322087	0.322698	0.317947	0.319613	0.321585	0.328788	0.323423	0.324547	0.323562	0.323744	
0.148388	0.154587	0.320145	0.000000	0.336950	0.324161	0.151669	0.309039	0.151044	0.149891	0.342308	0.332661	0.307969	0.328898	0.326729	0.328717	0.324285	0.322002	0.340731	0.327795	0.324504	0.329350	0.323666	
0.336089	0.332962	0.333791	0.336950	0.000000	0.333551	0.330515	0.326315	0.335845	0.334930	0.172496	0.202109	0.323871	0.340873	0.342746	0.336191	0.337755	0.336275	0.190489	0.338072	0.334033	0.340677	0.342714	
0.326713	0.322000	0.311004	0.324161	0.333551	0.000000	0.323443	0.319282	0.326696	0.326762	0.338993	0.338215	0.332930	0.317825	0.308792	0.315843	0.316405	0.314331	0.338230	0.309571	0.316316	0.328813	0.320448	
0.149075	0.152820	0.319502	0.151669	0.330515	0.323443	0.000000	0.308289	0.150424	0.145357	0.338221	0.323788	0.305126	0.328341	0.329215	0.325275	0.325615	0.321464	0.342151	0.330731	0.330991	0.328926	0.321378	
0.312931	0.308738	0.319469	0.309039	0.326315	0.319282	0.308289	0.000000	0.311234	0.308661	0.326176	0.324360	0.326757	0.321268	0.320589	0.308600	0.310787	0.315055	0.327013	0.317791	0.319353	0.321907	0.312122	
0.152695	0.152830	0.319131	0.151044	0.335845	0.326696	0.150424	0.311234	0.000000	0.150662	0.341984	0.326288	0.311187	0.330095	0.326754	0.324092	0.325536	0.323692	0.343774	0.331869	0.324934	0.329055	0.320441	
0.154676	0.149022	0.319424	0.149891	0.334930	0.326762	0.145357	0.308661	0.150662	0.000000	0.342463	0.331985	0.308221	0.332505	0.325811	0.325146	0.326341	0.323941	0.341098	0.331047	0.323849	0.329140	0.319255	
0.340779	0.339186	0.340055	0.342308	0.172496	0.338993	0.338221	0.326176	0.341984	0.342463	0.000000	0.189209	0.334793	0.345279	0.340625	0.338399	0.341442	0.338064	0.193804	0.341828	0.338332	0.337867	0.341762	
0.328595	0.327047	0.341306	0.332661	0.202109	0.338215	0.323788	0.324360	0.326288	0.331985	0.189209	0.000000	0.317242	0.347733	0.346266	0.324507	0.343351	0.341023	0.221412	0.340848	0.341868	0.345662	0.342703	
0.310724	0.307989	0.215596	0.307969	0.323871	0.332930	0.305126	0.326757	0.311187	0.308221	0.334793	0.317242	0.000000	0.343432	0.339553	0.340510	0.325026	0.328782	0.328857	0.343549	0.336718	0.339096	0.336716	
0.328114	0.332318	0.322087	0.328898	0.340873	0.317825	0.328341	0.321268	0.330095	0.332505	0.345279	0.347733	0.343432	0.000000	0.312205	0.305077	0.317705	0.311520	0.341032	0.316630	0.315413	0.329815	0.320527	
0.331343	0.328757	0.322698	0.326729	0.342746	0.308792	0.329215	0.320589	0.326754	0.325811	0.340625	0.346266	0.339553	0.312205	0.000000	0.310327	0.314686	0.315744	0.340144	0.315657	0.314732	0.327044	0.314215	
0.327506	0.329284	0.317947	0.328717	0.336191	0.315843	0.325275	0.308600	0.324092	0.325146	0.338399	0.324507	0.340510	0.305077	0.310327	0.000000	0.305671	0.305553	0.337049	0.287044	0.316542	0.323112	0.311695	
0.326288	0.328340	0.319613	0.324285	0.337755	0.316405	0.325615	0.310787	0.325536	0.326341	0.341442	0.343351	0.325026	0.317705	0.314686	0.305671	0.000000	0.304666	0.331814	0.305670	0.310521	0.310350	0.314144	
0.324009	0.323979	0.321585	0.322002	0.336275	0.314331	0.321464	0.315055	0.323692	0.323941	0.338064	0.341023	0.328782	0.311520	0.315744	0.305553	0.304666	0.000000	0.335653	0.313375	0.311553	0.324913	0.312363	
0.343879	0.339919	0.328788	0.340731	0.190489	0.338230	0.342151	0.327013	0.343774	0.341098	0.193804	0.221412	0.328857	0.341032	0.340144	0.337049	0.331814	0.335653	0.000000	0.331749	0.331441	0.338946	0.339110	
0.329554	0.334083	0.323423	0.327795	0.338072	0.309571	0.330731	0.317791	0.331869	0.331047	0.341828	0.340848	0.343549	0.316630	0.315657	0.287044	0.305670	0.313375	0.331749	0.000000	0.319976	0.329794	0.310244	
0.328396	0.325099	0.324547	0.324504	0.334033	0.316316	0.330991	0.319353	0.324934	0.323849	0.338332	0.341868	0.336718	0.315413	0.314732	0.316542	0.310521	0.311553	0.331441	0.319976	0.000000	0.306928	0.311720	
0.328806	0.328725	0.323562	0.329350	0.340677	0.328813	0.328926	0.321907	0.329055	0.329140	0.337867	0.345662	0.339096	0.329815	0.327044	0.323112	0.310350	0.324913	0.338946	0.329794	0.306928	0.000000	0.316166	
0.321803	0.319574	0.323744	0.323666	0.342714	0.320448	0.321378	0.312122	0.320441	0.319255	0.341762	0.342703	0.336716	0.320527	0.314215	0.311695	0.314144	0.312363	0.339110	0.310244	0.311720	0.316166	0.000000	
